1
4
5
6
11
20
29
30
42
54
59
65
67
74
77
90
93
97
102
103
104
105
110
112
117
119
121
122
123
126
127
132
136
141
142
145
150
164
167
171
176
178
184
195
197
199
204
205
211
212
215
222
227
233
239
240
243
247
249
250
251
254
256
381
465
471
479
504
507
508
514
525
526
531
535
543
545
554
559
563
574
580
581
584
591
592
597
602
604
608
609
614
618
628
629
630
632
639
641
642
644
648
657
658
667
668
670
672
675
684
687
689
690
692
693
697
702
704
717
723
728
730
733
739
744
751
752
753
758
769
770
772
776
777
783
784
789
792
802
803
809
822
823
825
831
834
844
853
854
864
868
870
875
880
884
885
891
893
903
911
917
