8
9
22
25
34
41
43
51
56
58
68
73
75
79
84
87
91
108
113
129
140
147
148
149
155
161
163
165
175
179
190
210
214
216
219
220
221
223
224
232
234
235
238
253
337
378
409
475
478
481
483
493
494
497
500
501
512
513
517
520
521
528
540
553
555
564
568
572
575
577
579
583
586
599
600
601
605
611
617
620
621
624
631
637
645
649
650
654
656
659
664
666
671
673
677
679
680
688
703
706
707
710
716
718
719
724
725
731
732
735
740
742
760
767
771
773
775
785
787
788
790
801
805
810
816
818
826
830
833
840
843
846
858
863
867
869
873
876
878
883
886
892
895
898
901
902
904
905
906
912
913
918
988
