1283
1284
1285
1286
1289
1290
1292
1293
1294
1295
1296
1297
1298
1299
1300
1302
1303
1304
1305
1307
1308
1309
1310
1311
1312
1313
1314
1318
1319
1320
1321
1322
1323
1324
1325
1326
1336
1337
1338
1355
1356
1357
1358
1359
1360
1361
1362
1363
1364
1365
1366
1367
1368
1369
1370
1532
1535
1536
1537
1538
1539
1540
1541
1543
1544
1545
1546
1547
1548
1549
1550
1551
1552
1553
1554
1555
1559
1560
1561
1562
1563
1564
1565
1566
1567
1568
1569
1570
1571
1572
1573
1574
1575
1578
1579
1580
1581
1582
1583
1584
1585
1586
1587
1588
1589
1590
1591
1593
1594
1595
1596
1597
1598
1599
1617
1619
1620
1621
1622
1623
1624
1625
1626
1627
1628
1629
1630
1631
1632
1633
1634
1635
1636
1637
1639
1640
1641
1644
1645
1649
1651
1652
1653
1656
1658
1659
1662
1664
1666
1667
1675
1681
1686
1688
1697
1706
1713
1714
1732
1935
1952
1953
1954
1955
1956
1957
1958
1959
