1033
1034
1035
1036
1037
1038
1039
1040
1042
1043
1044
1045
1046
1047
1048
1049
1050
1051
1052
1053
1054
1055
1056
1057
1058
1059
1060
1061
1062
1063
1064
1065
1066
1067
1068
1069
1081
1082
1083
1084
1100
1103
1104
1105
1106
1107
1108
1109
1110
1111
1112
1113
1114
1117
1118
1119
1120
1121
1122
1123
1124
1125
1126
1127
1128
1134
1136
1137
1138
1139
1140
1141
1142
1143
1144
1145
1146
1147
1148
1149
1150
1533
1534
1542
1557
1558
1576
1577
1592
1600
1601
1602
1603
1604
1605
1606
1607
1608
1609
1610
1611
1612
1613
1614
1615
1616
1638
1647
1654
1661
1665
1679
1683
1684
1718
1724
1744
