5
26
33
38
43
45
46
52
55
60
63
65
66
67
69
79
85
86
92
94
97
99
106
179
180
181
188
190
191
197
199
200
208
209
210
211
215
220
231
233
236
243
245
249
252
257
259
270
276
277
285
288
289
291
298
307
308
309
311
313
314
315
319
330
333
336
344
349
355
420
421
425
428
429
434
438
440
442
445
448
451
454
456
461
474
484
487
490
495
496
499
500
502
505
514
519
524
527
538
539
540
541
546
548
549
555
608
614
616
621
625
630
635
643
648
651
654
657
662
664
665
672
673
676
705
707
749
756
757
758
763
766
772
774
781
787
793
799
801
803
810
814
819
823
826
831
837
840
883
889
895
900
910
913
917
948
950
952
955
956
957
960
961
962
965
966
972
973
974
980
983
988
991
