2
4
6
7
9
10
11
12
14
15
16
17
18
152
153
154
155
156
159
160
161
162
163
164
165
166
167
168
169
170
171
172
173
174
175
266
382
384
385
386
388
389
390
391
392
394
395
396
397
398
399
400
401
402
403
404
405
406
407
409
410
411
412
413
414
415
416
418
419
578
580
584
585
586
587
588
589
590
591
592
593
594
595
596
598
599
600
601
602
604
609
724
726
728
729
730
732
733
734
735
736
737
738
739
740
741
742
743
744
745
746
747
748
750
751
755
770
864
865
867
868
869
870
871
872
873
874
875
876
877
878
879
880
881
882
884
885
886
887
902
911
967
