105
106
211
213
214
319
424
426
428
430
432
434
436
438
439
441
443
445
447
449
451
453
455
457
459
461
463
465
466
468
470
472
474
476
478
480
482
484
486
488
490
491
493
495
497
499
501
503
505
507
509
511
513
515
517
519
521
523
525
527
529
531
533
535
537
539
541
543
545
547
549
551
553
555
557
559
561
563
565
567
569
571
573
575
577
579
581
583
585
587
589
591
593
595
597
599
601
603
605
607
609
611
613
615
617
619
621
623
625
627
629
631
633
635
637
639
641
643
645
647
649
651
653
655
657
659
661
663
665
667
669
671
673
674
676
678
680
682
684
686
688
690
692
694
696
698
700
702
704
706
708
710
711
713
715
716
718
720
722
724
726
727
729
730
732
734
736
738
740
742
744
746
748
750
752
754
756
758
760
762
764
766
768
770
772
774
776
778
780
782
784
786
788
790
792
794
796
798
800
802
804
806
808
810
812
814
816
818
820
822
824
826
828
830
832
834
836
838
840
842
844
846
848
850
852
854
856
858
860
862
864
866
868
870
872
874
876
878
880
882
884
886
887
889
891
893
895
897
899
901
903
905
907
909
911
913
915
917
919
921
923
925
927
929
931
933
935
937
939
941
943
945
947
949
951
953
955
957
959
961
962
964
966
968
970
972
974
976
978
980
982
984
986
988
990
992
994
995
997
999
