3
4
7
10
13
16
17
20
23
26
29
30
33
36
39
42
43
46
49
52
55
56
59
62
65
68
69
72
75
78
81
82
85
88
91
94
107
110
113
116
119
120
123
126
129
132
133
136
139
142
145
146
149
152
155
158
159
162
165
168
171
172
175
178
181
184
185
188
191
194
197
198
201
204
207
210
215
218
221
224
227
228
231
234
237
240
241
244
247
250
253
254
257
260
263
266
267
270
273
276
279
280
283
286
289
292
293
296
299
302
305
306
309
312
315
318
320
323
326
329
332
333
336
339
342
345
346
349
352
355
358
359
362
365
368
371
372
375
378
381
384
385
388
391
394
397
398
401
404
407
410
411
414
417
420
423
