24
25
130
132
133
238
343
345
347
349
351
353
355
357
358
360
362
364
366
368
370
372
374
376
378
380
382
384
385
387
389
391
393
395
397
399
401
403
405
407
409
410
412
414
416
418
420
422
424
426
428
430
432
434
436
438
440
442
444
446
448
450
452
454
456
458
460
462
464
466
468
470
472
474
476
478
480
482
484
486
488
490
492
494
496
498
500
502
504
506
508
510
512
514
516
518
520
522
524
526
528
530
532
534
536
538
540
542
544
546
548
550
552
554
556
558
560
562
564
566
568
570
572
574
576
578
580
582
584
586
588
590
592
593
595
597
599
601
603
605
607
609
611
613
615
617
619
621
623
625
627
629
630
632
634
635
637
639
641
643
645
646
648
649
651
653
655
657
659
661
663
665
667
669
671
673
675
677
679
681
683
685
687
689
691
693
695
697
699
701
703
705
707
709
711
713
715
717
719
721
723
725
727
729
731
733
735
737
739
741
743
745
747
749
751
753
755
757
759
761
763
765
767
769
771
773
775
777
779
781
783
785
787
789
791
793
795
797
799
801
803
805
806
808
810
812
814
816
818
820
822
824
826
828
830
832
834
836
838
840
842
844
846
848
850
852
854
856
858
860
862
864
866
868
870
872
874
876
878
880
881
883
885
887
889
891
893
895
897
899
901
903
905
907
909
911
913
914
916
918
920
922
924
926
928
930
932
934
