182
184
187
189
193
195
202
203
207
212
216
217
218
223
225
227
228
229
230
248
255
261
269
273
282
283
300
303
304
318
323
324
327
328
332
335
337
339
343
347
348
352
383
408
417
422
426
432
437
441
446
452
453
460
464
465
466
472
473
477
479
482
504
523
526
528
536
544
547
556
559
560
605
606
613
631
633
644
646
656
659
675
679
684
687
692
694
702
703
706
723
727
752
753
759
761
769
773
777
780
782
789
802
805
806
808
815
827
835
841
890
894
897
898
905
909
919
922
923
925
926
933
934
938
945
949
959
969
975
977
979
989
995
996
998
1000
