19
21
25
27
28
37
47
49
54
56
57
71
73
75
82
83
84
87
88
102
158
176
178
183
192
196
221
226
235
237
239
241
250
251
256
268
274
278
279
284
294
305
310
316
322
340
350
351
353
387
393
423
430
436
439
443
447
449
455
457
459
468
469
470
475
478
483
485
486
494
498
507
508
509
511
516
517
521
531
532
533
535
537
553
582
611
620
626
627
629
637
638
639
641
642
649
661
667
674
678
680
681
682
683
686
688
689
691
693
708
754
760
764
767
768
771
775
776
778
783
788
791
794
798
811
825
828
830
833
834
836
891
892
899
904
924
929
932
936
937
940
943
944
946
954
963
964
971
976
985
990
994
997
