194
198
201
204
205
206
213
214
222
232
238
240
242
247
253
254
258
260
262
267
271
275
280
281
286
287
290
292
293
296
297
299
301
302
306
312
317
320
321
325
326
329
331
334
338
341
342
346
354
424
431
433
444
450
458
462
463
467
480
481
488
489
491
493
497
501
503
506
510
513
518
520
522
525
530
550
552
557
558
583
597
603
612
617
622
624
628
632
634
645
647
650
652
653
655
658
663
666
668
669
670
671
677
685
690
697
698
700
701
709
725
731
762
779
785
786
790
792
795
800
804
807
809
812
813
816
818
820
821
838
839
866
888
903
906
907
915
916
918
920
927
930
931
935
947
953
958
968
970
978
981
982
984
986
992
993
999
