2
7
10
18
23
32
35
38
45
46
50
55
61
63
72
80
86
89
94
96
100
106
114
115
118
131
137
151
152
154
157
166
168
169
172
174
180
182
183
185
187
191
194
201
202
213
226
230
231
237
248
257
466
467
476
480
486
488
490
498
502
505
506
510
515
532
533
534
541
542
557
565
570
571
576
582
585
589
606
612
616
622
627
634
636
646
653
660
669
683
691
696
698
711
712
714
720
722
737
738
741
745
747
748
749
755
757
761
762
764
774
780
793
794
798
799
807
808
813
814
820
827
828
832
835
836
837
841
845
847
848
851
855
856
857
862
865
866
871
874
877
881
882
887
888
890
907
908
910
914
919
956
