3
8
11
15
28
44
48
71
75
79
82
86
89
93
96
101
105
108
112
115
119
122
126
129
133
136
140
143
147
150
154
157
161
164
168
171
175
178
182
185
189
192
196
199
203
206
210
213
217
220
224
227
231
234
238
241
245
248
252
255
259
262
266
269
273
276
280
283
287
290
294
297
301
304
308
311
315
318
322
325
329
332
336
339
343
346
350
353
357
360
364
367
371
374
378
381
385
388
392
395
399
402
406
409
413
416
420
423
427
430
434
437
441
444
448
451
455
458
462
465
469
472
476
479
483
486
490
493
497
500
504
507
511
514
518
521
525
528
532
535
539
542
546
549
553
556
560
563
567
570
574
577
581
584
588
591
595
598
602
605
609
612
616
619
623
626
630
633
637
640
644
647
651
654
658
661
665
668
672
675
679
682
686
689
693
696
700
703
707
710
714
717
721
724
728
731
735
738
742
745
749
752
756
759
763
766
770
773
777
780
784
787
791
794
798
801
805
808
812
815
819
822
826
829
833
836
840
843
847
850
854
857
861
864
868
871
875
878
882
885
889
892
896
899
903
906
910
913
917
920
924
927
931
934
938
941
945
948
952
955
959
962
966
969
973
976
980
983
987
990
994
997
