5
12
29
49
76
83
90
97
102
109
116
123
130
137
144
151
158
165
172
179
186
193
200
207
214
221
228
235
242
249
256
263
270
277
284
291
298
305
312
319
326
333
340
347
354
361
368
375
382
389
396
403
410
417
424
431
438
445
452
459
466
473
480
487
494
501
508
515
522
529
536
543
550
557
564
571
578
585
592
599
606
613
620
627
634
641
648
655
662
669
676
683
690
697
704
711
718
725
732
739
746
753
760
767
774
781
788
795
802
809
816
823
830
837
844
851
858
865
872
879
886
893
900
907
914
921
928
935
942
949
956
963
970
977
984
991
998
