6
13
30
50
77
84
91
98
103
110
117
124
131
138
145
152
159
166
173
180
187
194
201
208
215
222
229
236
243
250
257
264
271
278
285
292
299
306
313
320
327
334
341
348
355
362
369
376
383
390
397
404
411
418
425
432
439
446
453
460
467
474
481
488
495
502
509
516
523
530
537
544
551
558
565
572
579
586
593
600
607
614
621
628
635
642
649
656
663
670
677
684
691
698
705
712
719
726
733
740
747
754
761
768
775
782
789
796
803
810
817
824
831
838
845
852
859
866
873
880
887
894
901
908
915
922
929
936
943
950
957
964
971
978
985
992
999
