2
7
9
10
14
17
27
33
43
46
47
62
70
73
74
78
80
81
85
87
88
92
94
95
99
100
104
106
107
111
113
114
118
120
121
125
127
128
132
134
135
139
141
142
146
148
149
153
155
156
160
162
163
167
169
170
174
176
177
181
183
184
188
190
191
195
197
198
202
204
205
209
211
212
216
218
219
223
225
226
230
232
233
237
239
240
244
246
247
251
253
254
258
260
261
265
267
268
272
274
275
279
281
282
286
288
289
293
295
296
300
302
303
307
309
310
314
316
317
321
323
324
328
330
331
335
337
338
342
344
345
349
351
352
356
358
359
363
365
366
370
372
373
377
379
380
384
386
387
391
393
394
398
400
401
405
407
408
412
414
415
419
421
422
426
428
429
433
435
436
440
442
443
447
449
450
454
456
457
461
463
464
468
470
471
475
477
478
482
484
485
489
491
492
496
498
499
503
505
506
510
512
513
517
519
520
524
526
527
531
533
534
538
540
541
545
547
548
552
554
555
559
561
562
566
568
569
573
575
576
580
582
583
587
589
590
594
596
597
601
603
604
608
610
611
615
617
618
622
624
625
629
631
632
636
638
639
643
645
646
650
652
653
657
659
660
664
666
667
671
673
674
678
680
681
685
687
688
692
694
695
699
701
702
706
708
709
713
715
716
720
722
723
727
729
730
734
736
737
741
743
744
748
750
751
755
757
758
762
764
765
769
771
772
776
778
779
783
785
786
790
792
793
797
799
800
804
806
807
811
813
814
818
820
821
825
827
828
832
834
835
839
841
842
846
848
849
853
855
856
860
862
863
867
869
870
874
876
877
881
883
884
888
890
891
895
897
898
902
904
905
909
911
912
916
918
919
923
925
926
930
932
933
937
939
940
944
946
947
951
953
954
958
960
961
965
967
968
972
974
975
979
981
982
986
988
989
993
995
996
1000
