461
470
471
472
473
481
482
484
485
486
487
488
494
495
496
497
498
499
506
507
513
515
516
517
518
519
520
521
524
531
533
536
537
539
540
544
545
547
548
549
552
553
554
557
559
560
561
562
563
564
565
566
571
575
577
578
580
584
585
586
587
591
598
603
604
606
608
609
610
611
612
614
615
617
620
627
631
632
633
634
635
641
647
650
652
653
654
657
660
661
662
668
671
672
673
674
675
676
677
678
680
681
683
684
685
686
687
692
695
696
698
704
707
710
714
717
719
724
725
726
727
728
729
730
732
733
734
735
736
737
739
740
741
744
747
748
749
750
751
753
754
756
758
759
760
762
764
765
781
782
783
786
789
791
794
795
804
805
809
814
815
816
820
826
837
838
846
