457
458
460
462
463
464
465
466
467
468
469
474
475
476
477
478
479
480
483
489
490
491
492
493
500
501
502
503
504
505
508
509
510
511
512
514
522
523
525
526
527
528
529
530
532
534
535
538
541
543
546
550
551
555
556
558
567
568
569
570
572
573
574
576
579
581
582
583
588
589
590
592
593
594
595
596
597
599
600
601
602
605
607
613
616
618
619
621
622
623
624
625
626
628
629
630
636
637
638
639
640
642
643
644
645
646
648
649
651
655
656
658
659
663
664
665
666
667
669
670
679
682
688
689
690
691
693
694
697
699
700
701
702
703
705
706
708
709
711
712
713
715
716
718
720
721
722
723
731
738
742
743
745
746
752
755
757
761
763
766
767
768
769
770
771
772
773
774
775
776
777
778
779
780
784
785
787
788
790
792
793
796
798
799
800
801
802
803
806
807
808
810
811
812
813
818
819
821
822
823
824
825
827
828
829
830
831
832
833
834
835
836
839
840
842
843
844
845
847
848
849
850
851
852
853
