283
284
285
286
289
290
292
293
294
295
296
297
298
299
300
302
303
304
305
307
308
309
310
311
312
313
314
318
319
320
321
322
323
324
325
326
336
337
338
355
356
357
358
359
360
361
362
363
364
365
366
367
368
369
370
532
535
536
537
538
539
540
541
543
544
545
546
547
548
549
550
551
552
553
554
555
559
560
561
562
563
564
565
566
567
568
569
570
571
572
573
574
575
578
579
580
581
582
583
584
585
586
587
588
589
590
591
593
594
595
596
597
598
599
617
618
619
620
621
622
623
624
625
626
628
629
630
631
632
633
634
637
639
640
641
642
643
644
645
649
651
652
653
657
658
663
670
671
674
675
676
677
682
686
707
935
952
953
954
955
956
957
958
959
