6
8
12
14
32
35
40
59
62
77
92
99
103
105
106
114
123
124
128
130
135
139
153
156
158
159
162
163
178
180
184
185
187
202
210
212
214
222
247
254
257
261
267
271
274
284
286
287
292
300
302
308
309
313
316
323
328
329
331
336
338
345
346
351
352
359
361
368
372
377
379
384
398
400
402
405
406
416
420
427
431
435
437
441
447
460
462
467
469
474
475
482
486
489
586
752
787
790
792
803
807
809
811
813
818
822
825
826
829
830
833
846
857
862
870
876
877
889
890
891
893
896
904
906
916
921
928
929
931
935
942
945
964
965
972
976
978
980
