4
9
15
19
23
26
28
29
31
33
37
38
39
41
42
45
49
50
54
58
68
69
78
79
83
86
87
93
96
100
101
102
119
122
126
131
138
140
143
154
155
160
176
177
192
194
195
197
199
207
209
219
224
229
232
235
238
246
250
251
253
258
260
263
268
269
277
280
289
293
298
301
304
307
315
317
324
326
330
334
335
339
343
348
350
355
364
370
378
385
386
391
397
404
410
423
424
429
434
439
444
448
452
456
457
458
471
472
477
479
484
488
490
795
800
812
824
831
834
835
837
838
840
841
843
845
849
852
854
860
861
865
878
881
892
900
909
937
944
947
955
957
959
962
967
969
982
