2
7
13
20
27
36
43
48
56
57
64
65
74
81
85
90
95
97
108
116
118
125
132
136
144
146
152
166
170
171
179
182
186
188
190
198
200
201
203
204
213
215
217
218
221
223
225
226
228
249
264
265
270
279
295
303
312
314
325
332
337
344
347
349
354
357
362
365
367
371
374
383
390
392
399
401
409
417
419
425
426
432
436
442
443
446
451
466
470
476
480
481
483
485
487
491
494
619
850
855
856
859
866
872
874
880
884
887
888
902
910
914
917
922
925
926
927
943
948
950
951
952
953
956
960
970
973
977
985
992
999
1000
