212
221
224
231
232
233
240
243
244
249
252
253
260
261
264
269
270
273
278
281
282
289
292
293
312
315
316
326
327
328
335
338
339
340
345
348
349
350
355
358
359
360
367
368
369
370
377
378
379
382
387
388
391
392
397
400
401
402
405
410
411
414
415
420
423
424
425
430
431
434
435
440
441
444
445
450
451
454
455
460
461
464
465
468
473
474
475
478
483
484
487
488
493
496
497
498
505
506
507
508
535
540
541
550
573
574
577
578
583
586
587
588
591
599
603
609
613
614
620
621
629
633
639
656
663
664
665
671
672
676
682
683
684
685
686
687
688
689
690
691
692
693
694
695
696
697
698
699
700
701
702
703
704
705
706
707
708
709
710
711
712
713
714
715
716
717
718
719
720
721
722
723
724
725
726
727
728
729
730
731
732
733
734
735
736
737
738
739
740
741
742
743
744
745
746
747
748
749
750
751
752
753
754
755
756
757
758
759
760
761
762
763
764
765
766
767
768
769
770
771
772
773
774
775
776
777
778
779
780
781
782
783
784
785
786
787
788
789
790
791
792
793
794
795
796
797
803
804
814
815
816
824
829
830
831
832
833
834
835
836
837
838
839
840
841
842
843
844
845
846
847
927
939
940
951
952
964
965
976
977
989
990
