112
114
119
138
143
157
162
176
181
183
185
190
192
194
196
198
200
202
207
209
211
214
216
218
220
223
226
228
230
235
237
239
242
246
248
251
255
257
259
263
266
268
272
275
277
280
284
286
288
291
297
311
314
321
323
325
330
332
334
337
342
344
347
352
354
357
362
364
366
372
374
376
381
384
386
390
394
396
399
404
407
409
413
417
419
422
427
429
433
437
439
443
447
449
453
457
459
463
467
470
472
477
480
482
486
490
492
495
500
502
504
510
512
517
546
567
572
576
580
582
585
590
595
612
616
625
644
661
670
678
