111
113
118
137
142
156
161
175
180
182
184
189
191
193
195
197
199
201
206
208
210
213
215
217
219
222
225
227
229
234
236
238
241
245
247
250
254
256
258
262
265
267
271
274
276
279
283
285
287
290
296
310
313
320
322
324
329
331
333
336
341
343
346
351
353
356
361
363
365
371
373
375
380
383
385
389
393
395
398
403
406
408
412
416
418
421
426
428
432
436
438
442
446
448
452
456
458
462
466
469
471
476
479
481
485
489
491
494
499
501
503
509
511
516
545
566
571
575
579
581
584
589
594
611
615
624
643
660
669
677
810
