4
8
9
10
12
19
20
21
22
23
24
25
28
29
30
32
34
35
40
41
42
45
47
49
52
53
59
60
61
62
63
64
65
66
67
68
78
79
80
81
82
85
86
87
88
89
90
91
96
97
98
99
105
106
109
110
112
114
121
122
123
124
127
128
129
130
131
132
133
134
138
139
144
146
151
152
153
154
156
158
162
163
164
165
167
168
173
174
176
177
180
182
185
188
189
192
195
198
199
201
203
204
206
208
211
215
217
218
221
222
225
226
230
232
235
241
244
245
248
249
250
252
255
256
257
261
262
266
267
268
270
272
273
274
275
281
282
283
284
286
294
297
298
299
303
304
305
306
307
308
310
316
317
318
319
320
324
328
329
332
333
337
340
341
342
343
346
347
348
349
350
351
353
355
358
359
362
364
374
375
376
377
378
379
380
382
384
388
389
391
393
394
398
399
400
401
402
406
407
408
412
413
414
415
416
418
422
423
427
428
430
431
432
433
436
437
443
445
446
447
450
451
454
455
458
463
465
468
469
470
471
474
480
481
482
484
492
493
494
497
500
501
502
504
505
507
509
510
512
515
516
517
519
520
521
525
526
531
532
533
537
538
539
540
541
542
543
544
545
546
548
551
560
561
562
563
565
568
569
570
571
572
581
582
583
593
594
595
596
597
598
602
609
612
613
614
615
616
617
618
620
626
628
629
631
633
638
639
642
643
644
645
650
651
652
653
658
662
663
666
667
668
670
672
673
674
675
676
677
679
681
682
683
684
691
692
693
694
696
697
701
702
703
705
706
707
708
710
718
719
720
724
729
730
731
732
734
735
736
739
742
743
744
745
746
747
750
751
753
759
760
761
762
765
767
768
770
771
774
779
780
781
782
783
784
786
787
791
792
794
795
796
797
800
805
806
807
810
811
813
814
817
820
824
831
832
833
834
835
836
840
841
848
851
859
860
861
862
863
864
865
866
868
869
871
873
876
877
880
882
887
888
894
896
897
901
902
903
907
908
909
912
913
914
915
916
917
919
920
921
922
924
925
926
929
931
932
934
940
941
943
944
945
947
951
953
954
955
956
957
958
960
961
963
964
967
968
969
970
971
972
973
975
976
981
983
997
998
1000
