26
27
28
29
30
31
32
33
34
35
136
137
138
139
140
141
142
143
144
145
146
147
148
149
150
151
152
153
154
155
156
157
158
159
160
161
162
163
164
165
166
167
168
169
170
171
172
173
174
175
176
177
178
179
180
181
182
183
184
185
186
187
188
189
190
191
192
193
194
195
196
197
198
199
200
201
202
203
204
205
206
207
208
209
210
211
212
213
214
215
216
217
218
219
220
221
222
223
224
225
226
227
228
229
230
231
232
233
234
235
244
245
246
247
248
249
250
251
252
253
259
260
261
262
263
264
265
266
267
268
285
286
287
288
289
290
291
292
293
294
295
296
297
298
299
300
301
302
430
431
432
599
600
601
602
603
604
605
606
607
608
624
625
626
627
656
657
714
715
716
717
718
719
720
721
722
723
724
758
759
760
761
762
879
880
881
882
883
884
885
886
887
888
889
890
891
892
893
894
895
896
897
898
899
900
901
