5
15
17
21
31
34
35
36
44
45
46
51
57
58
59
76
77
79
80
81
102
107
108
110
121
132
133
134
148
149
150
151
182
183
184
223
224
225
233
236
237
238
239
244
245
246
253
255
271
273
279
280
281
282
283
284
285
286
292
293
294
295
297
302
303
304
305
306
307
309
318
326
327
328
331
341
351
353
354
358
359
361
362
363
365
367
379
381
382
413
414
423
431
432
437
439
440
443
444
445
448
449
450
452
455
457
458
464
468
469
474
475
478
479
480
481
482
489
491
492
494
495
496
497
499
500
501
504
505
506
508
509
510
511
514
515
518
519
521
529
530
532
533
541
542
548
550
552
555
556
558
562
565
566
568
569
571
573
574
575
576
577
590
594
598
599
600
601
604
606
607
608
609
610
611
613
616
624
634
635
636
639
640
641
643
647
649
650
651
652
655
662
670
674
676
680
681
682
684
692
695
696
702
705
706
708
712
713
714
722
727
728
729
730
731
732
733
734
738
739
740
741
742
756
765
767
769
770
772
773
776
777
778
782
790
791
792
794
796
797
800
804
805
806
807
817
819
822
823
824
834
837
838
840
841
842
847
853
854
855
856
857
858
863
864
865
866
867
868
874
900
903
907
917
918
925
929
933
934
935
936
943
961
965
966
967
969
970
971
972
980
985
987
988
989
990
994
995
