1
2
8
12
14
18
20
24
25
26
29
30
37
38
43
50
56
63
65
67
68
69
70
71
74
78
85
88
89
90
91
92
95
96
99
100
101
103
109
111
113
114
116
117
122
124
125
128
131
141
144
146
147
152
160
161
162
164
165
167
168
169
172
173
175
179
180
181
185
192
193
194
197
200
201
202
203
207
209
216
220
221
222
234
247
251
252
254
258
261
262
264
266
269
270
274
277
296
298
299
315
316
317
319
321
330
332
333
334
335
339
340
344
345
371
372
377
378
380
385
392
397
399
402
407
409
412
422
426
427
446
451
459
462
463
470
513
517
522
523
527
528
531
537
538
539
540
547
560
561
586
587
588
614
617
620
622
631
664
666
673
678
679
686
687
688
694
698
709
721
754
761
764
775
781
785
786
802
803
816
818
829
832
839
849
851
852
859
862
870
875
878
881
882
883
886
888
890
892
905
909
912
919
920
930
931
932
938
941
945
954
997
998
