3
4
6
7
9
10
11
13
16
19
22
23
27
28
32
33
39
40
41
42
47
48
49
52
53
54
55
60
61
62
64
66
72
73
75
82
83
84
86
87
93
94
97
98
104
105
106
112
115
118
119
120
123
126
127
129
130
135
136
137
138
139
140
142
143
145
153
154
155
156
157
158
159
163
166
170
171
174
176
177
178
186
187
188
189
190
191
195
196
198
199
204
205
206
208
210
211
212
213
214
215
217
218
219
226
227
228
229
230
231
232
235
240
241
242
243
248
249
250
256
257
259
260
263
265
267
268
272
275
276
278
287
288
289
290
291
300
301
308
310
311
312
313
314
320
322
323
324
325
329
336
337
338
342
343
346
347
348
349
350
352
355
356
357
360
364
366
368
369
370
373
374
375
376
383
384
386
387
388
389
390
391
393
394
395
396
398
400
401
403
404
405
406
408
410
411
415
416
417
418
419
420
421
424
425
428
429
430
433
434
435
436
438
441
442
447
453
454
456
460
461
465
466
467
471
472
473
476
477
483
484
485
486
487
488
490
493
498
502
503
507
512
516
520
524
525
526
534
535
536
543
544
545
546
549
551
553
554
557
559
563
564
567
570
572
578
579
580
581
582
583
584
585
589
591
592
593
595
596
597
602
603
605
612
615
618
619
621
623
625
626
627
628
629
630
632
633
637
638
642
644
645
646
648
653
654
656
657
658
659
660
661
663
665
667
668
669
671
672
675
677
683
685
689
690
691
693
697
699
700
701
703
704
707
710
711
715
716
717
718
719
720
723
724
725
726
735
736
737
743
744
745
746
747
748
749
750
751
752
753
755
757
758
759
760
762
763
766
768
771
774
779
780
783
784
787
788
789
793
795
798
799
801
808
809
810
811
812
813
814
815
820
821
825
826
827
828
830
831
833
835
836
843
844
845
846
848
850
860
861
869
871
872
873
876
877
879
880
884
885
887
889
891
893
894
896
898
899
901
902
904
906
908
910
911
913
914
916
922
923
924
926
927
928
937
939
940
942
944
946
947
948
951
952
953
956
957
958
959
960
962
963
964
968
973
974
975
977
978
979
981
982
983
984
986
991
996
999
1000
