8
22
34
37
43
49
58
59
60
61
62
70
72
77
79
90
92
95
99
101
102
104
105
106
108
109
112
113
114
115
116
117
118
119
120
152
156
157
158
159
160
161
164
167
173
176
177
178
179
186
188
189
190
191
206
208
209
210
211
218
220
221
226
227
229
231
232
234
235
236
237
238
239
240
241
242
244
245
248
249
252
253
254
255
257
259
261
262
264
268
271
272
273
275
276
277
279
282
285
286
288
289
290
292
293
296
297
299
301
302
303
304
306
308
309
310
311
313
314
319
320
321
322
323
325
326
327
328
329
330
335
338
339
341
342
343
344
345
348
350
351
352
353
354
355
356
357
358
360
361
362
363
364
365
366
367
368
370
372
374
375
376
377
378
379
380
382
384
385
390
393
394
396
397
398
399
400
401
404
405
406
407
410
411
412
418
427
428
429
