283
284
285
286
289
290
292
293
294
295
296
297
298
299
300
302
303
304
305
307
308
309
310
311
312
313
314
318
319
320
321
322
323
324
325
326
336
337
338
355
356
357
358
359
360
361
362
363
364
365
366
367
368
369
370
532
535
536
537
538
539
540
541
543
544
545
546
547
548
549
550
551
552
553
554
555
559
560
561
562
563
564
565
566
567
568
569
570
571
572
573
574
575
578
579
580
581
582
583
584
585
586
587
588
589
590
591
593
594
595
596
597
598
599
617
618
619
620
621
622
623
624
625
626
627
628
629
630
631
632
633
634
635
636
637
639
640
641
642
643
644
645
648
649
650
651
652
653
655
656
657
658
659
660
662
663
664
666
667
668
669
670
671
672
674
675
676
677
678
680
681
682
686
687
688
696
697
700
701
702
703
704
705
706
707
708
709
710
711
712
713
714
715
716
717
721
722
723
725
726
727
729
730
731
732
741
742
743
