1
2
4
10
14
15
17
18
20
24
26
28
32
33
34
35
36
37
43
44
45
49
50
58
62
63
64
70
71
72
74
75
76
80
85
86
96
112
113
116
120
126
128
129
132
133
134
136
139
140
146
150
151
154
158
165
169
174
178
181
361
365
367
373
377
378
458
459
468
472
473
478
482
521
528
529
531
532
540
541
544
549
553
554
555
557
561
576
590
591
598
599
600
601
605
607
608
609
610
615
616
618
628
629
632
633
634
642
646
647
648
651
652
656
657
662
663
667
669
678
682
686
691
693
696
698
699
700
702
704
707
709
710
711
717
719
721
733
734
738
739
743
745
748
750
751
752
754
755
758
763
767
770
774
775
777
782
783
784
786
787
788
789
790
792
795
796
799
802
803
809
810
811
812
820
823
828
830
835
839
845
851
852
853
856
861
866
871
874
881
882
883
884
885
889
895
898
909
911
921
922
923
924
925
926
931
932
934
940
949
950
956
959
968
970
972
974
975
976
978
981
986
987
993
994
995
996
998
999
1000
