3
6
7
11
12
13
16
19
21
22
25
27
29
38
39
40
41
42
46
47
48
51
52
53
54
55
57
59
65
66
67
68
69
77
78
79
81
84
87
88
89
90
91
92
93
94
95
97
98
99
110
114
115
117
121
122
123
124
127
131
135
141
142
143
144
145
147
148
149
152
153
155
156
157
159
160
166
167
171
172
173
177
179
180
362
364
366
368
371
374
375
379
385
386
404
408
409
410
411
412
413
414
415
416
417
418
419
420
421
422
423
424
425
426
427
428
429
430
431
432
433
434
435
460
461
467
469
474
475
476
479
480
481
483
524
525
526
527
534
535
536
537
542
543
545
546
547
548
550
551
552
556
558
559
560
562
564
565
566
573
585
586
595
596
597
602
603
606
613
614
617
619
620
621
622
623
624
625
626
627
630
635
636
637
638
639
643
644
645
649
650
653
655
658
661
664
665
666
668
670
671
672
673
674
675
677
679
680
681
683
687
688
689
690
692
694
695
701
703
708
712
713
714
715
716
718
720
722
723
725
726
727
728
731
732
735
736
737
740
741
742
744
746
749
753
759
760
761
762
764
765
766
768
771
772
773
776
778
779
785
791
793
794
797
798
800
801
804
805
806
807
813
814
817
818
819
821
822
824
826
827
829
831
834
836
837
838
840
841
842
846
847
849
850
854
855
857
858
862
863
864
865
867
868
869
872
873
875
876
879
880
886
887
888
890
891
892
893
896
897
901
902
903
904
905
906
907
908
910
912
914
915
916
917
918
927
928
929
930
933
935
936
937
939
941
942
943
946
947
948
951
952
954
955
957
958
960
961
963
964
967
969
971
973
977
979
980
982
984
985
988
989
990
997
