10
11
18
21
24
27
30
32
36
37
38
41
42
44
47
51
55
60
63
64
65
66
67
69
104
108
111
118
129
135
143
147
159
160
165
172
179
181
183
184
191
195
196
207
208
212
213
218
219
226
230
231
232
234
245
248
268
270
271
273
282
285
427
434
444
479
494
504
514
516
527
531
532
533
534
536
538
539
546
550
554
564
574
577
578
580
584
586
587
593
596
616
620
626
633
638
645
650
652
654
656
667
669
670
672
711
717
722
724
729
734
740
741
742
746
748
773
782
844
859
902
910
913
921
922
924
926
933
934
939
948
951
954
959
960
961
964
968
976
978
982
