40
41
42
49
51
52
53
58
61
65
66
67
69
70
73
78
79
80
81
82
83
86
87
88
89
90
93
100
105
107
112
119
121
122
123
135
146
148
149
150
153
154
158
159
160
161
163
165
166
167
171
172
173
174
178
181
183
184
185
187
204
223
228
229
230
232
234
235
236
238
239
240
242
244
245
250
252
253
254
255
257
258
259
260
261
264
265
266
269
277
278
279
282
283
285
286
287
289
291
293
296
297
298
299
300
302
305
306
307
310
311
312
314
316
317
322
323
324
326
327
328
329
331
334
335
336
339
340
341
342
343
344
345
347
348
350
351
354
355
356
358
360
362
367
370
371
372
373
375
378
380
382
387
388
391
392
394
395
397
400
401
402
405
406
410
412
414
417
422
423
426
427
428
431
437
438
439
441
445
446
448
449
450
451
454
462
463
464
465
466
469
471
472
474
477
478
481
482
487
493
495
498
499
503
512
515
516
517
520
521
527
531
532
533
535
537
538
542
544
550
551
552
554
556
557
558
559
561
563
564
565
572
573
575
576
581
582
583
587
588
589
590
591
598
599
600
601
602
604
605
610
611
613
614
615
616
617
623
624
625
629
630
632
633
635
636
637
638
640
644
647
648
651
652
656
659
661
663
664
666
667
671
672
673
676
679
680
682
686
689
692
693
695
696
700
701
702
705
706
707
708
709
714
715
717
718
719
721
724
727
729
730
731
734
737
739
741
743
747
748
750
751
754
755
756
760
764
767
768
772
774
775
779
780
781
782
783
784
787
788
789
792
793
798
799
800
804
808
809
810
812
813
814
815
820
821
822
823
828
830
833
834
835
838
839
840
841
843
848
850
853
854
855
857
858
859
860
867
868
869
870
874
875
876
879
880
881
884
885
886
887
890
892
895
896
899
900
901
902
905
907
910
914
916
919
920
922
925
926
927
930
931
932
933
934
936
937
940
941
944
950
951
956
961
963
964
965
966
967
968
973
976
977
978
982
985
986
988
989
991
992
993
994
996
997
