46
47
48
50
54
55
57
59
60
62
68
71
72
76
77
84
91
92
103
106
111
120
126
136
145
147
151
152
155
156
157
164
170
175
176
177
179
180
182
186
203
221
222
224
227
231
233
237
243
246
247
251
256
262
263
268
270
273
274
275
276
280
281
284
290
292
301
303
304
308
309
313
318
319
325
330
333
346
349
352
357
359
361
365
366
368
369
374
377
379
381
383
384
389
390
393
396
398
399
403
408
409
411
413
418
419
420
421
424
425
429
430
432
433
434
435
440
444
447
452
453
455
456
457
458
461
468
470
473
479
480
483
484
485
486
488
489
490
491
492
494
497
500
501
502
504
505
506
507
510
511
513
514
518
522
523
524
525
526
528
529
530
534
539
540
541
543
547
548
549
553
555
560
567
570
571
574
577
578
580
584
586
594
595
596
597
603
606
607
608
609
618
621
622
626
627
628
639
643
645
646
649
650
653
654
655
657
658
660
665
668
669
670
677
678
681
683
684
685
688
690
691
694
699
703
704
710
711
713
716
720
725
726
728
732
733
735
736
738
742
744
749
752
753
757
758
759
761
762
763
765
766
770
771
773
778
785
786
790
791
795
796
797
803
805
806
807
811
816
817
819
826
827
829
831
832
836
837
842
845
846
847
849
856
861
862
863
864
865
873
877
878
882
883
888
889
891
894
903
904
906
908
909
911
912
913
917
918
921
928
929
935
938
939
945
946
949
952
953
954
955
958
959
960
962
969
970
971
974
975
981
983
984
987
990
995
999
1000
