3
6
7
8
14
20
22
23
25
33
35
39
45
48
50
52
61
62
105
109
110
119
128
130
132
136
146
149
152
161
166
167
168
180
190
192
194
198
202
203
223
225
233
239
240
242
247
251
255
262
265
272
276
278
284
287
288
289
291
495
498
508
510
517
518
522
525
529
535
537
542
548
555
556
560
563
565
566
573
581
582
592
597
598
608
614
617
619
623
628
629
630
632
634
643
648
653
655
657
661
665
666
668
671
673
709
719
721
723
727
732
736
743
751
753
756
760
761
762
763
764
765
772
774
777
778
784
904
907
914
915
917
927
929
932
943
949
955
958
965
977
