6
7
11
13
14
15
16
17
18
27
31
33
36
37
39
43
44
50
54
55
56
70
72
73
74
75
76
77
83
84
92
93
94
95
100
102
103
104
107
108
111
115
116
117
118
119
120
125
135
136
137
141
142
143
145
147
148
149
150
159
160
161
166
172
175
178
181
183
184
186
187
190
191
193
200
202
205
209
213
214
219
220
224
228
229
231
234
236
237
238
239
240
242
253
254
259
260
263
264
265
269
271
277
278
279
280
285
287
288
289
291
295
296
300
301
309
311
312
313
314
315
321
322
323
326
327
331
334
335
336
338
339
356
357
360
361
363
367
368
369
370
371
381
383
385
386
387
392
395
396
397
404
405
410
417
419
420
421
424
425
426
429
438
439
441
442
444
452
453
457
459
460
461
464
466
467
472
473
475
476
477
478
479
485
487
488
489
490
491
495
496
498
503
506
508
513
514
518
522
523
524
527
528
535
536
547
549
550
553
554
555
556
557
558
559
564
566
567
574
575
576
579
580
585
586
589
590
591
592
599
600
601
604
605
606
607
608
611
624
625
632
635
636
637
641
647
648
649
655
656
657
659
660
661
665
671
685
686
687
688
689
690
695
698
699
700
709
711
712
713
714
715
716
717
722
723
725
726
727
728
733
737
738
740
741
752
756
757
758
766
772
775
776
777
778
788
789
790
793
798
801
802
803
804
808
809
812
815
818
819
821
822
823
826
827
828
829
830
845
846
850
867
870
872
874
875
879
881
883
884
885
886
904
910
911
918
927
928
930
933
935
936
937
938
939
942
946
948
949
950
952
959
962
965
966
979
985
986
987
990
991
992
