12
17
18
20
21
25
26
29
30
34
35
36
44
45
46
50
51
57
58
59
63
65
67
68
69
70
71
74
76
77
78
79
80
81
85
88
90
91
92
95
96
99
100
101
102
103
107
108
110
111
113
114
116
117
121
122
128
131
132
133
134
141
144
146
147
148
149
150
151
152
164
165
167
168
169
173
175
179
180
181
182
183
184
185
197
200
201
202
203
207
209
216
220
222
223
224
234
236
244
245
246
247
253
261
262
264
266
270
271
273
279
281
282
284
294
295
296
298
299
305
306
307
309
315
316
317
318
319
321
332
333
334
335
341
344
351
353
354
358
359
361
362
363
367
371
372
377
379
380
381
382
385
397
399
409
412
413
414
423
426
437
439
440
443
448
449
450
452
455
457
458
464
468
469
474
475
478
479
480
481
482
489
491
492
494
495
496
497
499
500
501
504
505
506
508
509
510
511
514
515
518
519
521
522
529
530
532
533
541
542
548
550
555
556
558
561
562
565
566
568
569
571
573
574
575
576
577
586
587
588
590
594
598
599
600
601
604
606
607
608
609
610
611
613
622
624
631
634
635
636
639
640
641
643
647
649
650
651
655
662
670
674
676
678
679
680
681
682
684
687
692
695
696
702
705
706
708
713
714
721
722
727
729
730
731
738
739
741
742
764
767
769
773
775
776
777
778
781
782
786
790
791
794
797
800
804
805
806
807
817
819
832
834
837
838
841
842
854
855
858
863
864
865
866
867
868
900
903
907
917
918
919
920
925
929
931
932
933
934
935
943
954
961
966
969
970
971
972
980
985
987
988
989
990
994
998
