1
2
5
8
14
15
24
31
37
38
43
56
89
109
124
125
160
161
162
172
192
193
194
221
225
233
237
238
239
251
252
254
255
258
269
274
277
280
283
285
286
292
293
297
302
303
304
326
327
328
330
331
339
340
345
365
378
392
402
407
422
427
431
432
444
445
446
451
459
462
463
470
513
517
523
527
528
531
537
538
539
540
547
552
560
614
617
620
652
664
666
673
686
688
694
698
709
712
728
732
733
734
740
754
756
761
765
770
772
785
792
796
802
803
816
818
822
823
824
829
839
840
847
849
851
852
853
856
857
859
862
870
874
875
878
881
882
883
886
888
890
892
905
909
912
930
938
941
945
965
997
