1
513
523
537
539
540
541
542
543
544
545
546
549
551
553
554
557
559
563
564
567
570
572
578
579
580
581
582
583
584
585
589
591
592
593
595
596
597
602
603
605
612
615
618
619
621
623
625
626
627
628
629
630
632
633
637
638
642
644
645
646
648
653
654
656
657
658
659
660
661
663
665
667
668
669
671
672
675
677
683
685
689
690
691
693
697
699
700
701
703
704
707
710
711
715
716
717
718
719
720
723
724
725
726
735
736
737
743
744
745
746
747
748
749
750
751
752
753
755
757
758
759
760
762
763
766
768
771
774
779
780
783
784
787
788
789
793
795
798
799
801
808
809
810
811
812
813
814
815
820
821
825
898
899
901
902
904
906
908
910
911
913
914
916
922
923
924
926
927
928
937
939
940
942
944
946
947
948
951
952
953
956
957
958
962
963
964
996
999
1000
968
973
974
975
977
978
979
981
982
983
984
986
991
959
960
826
827
828
830
831
833
835
836
843
844
845
846
848
850
860
861
869
871
872
873
876
877
879
880
884
885
887
889
891
893
894
896
552
556
558
561
562
565
566
568
586
587
588
590
594
598
600
616
770
772
773
776
777
778
781
909
930
994
995
997
998
931
932
965
967
969
945
954
961
966
988
970
938
912
782
785
786
790
791
792
794
796
797
800
802
803
804
925
943
805
806
807
816
817
818
819
822
823
824
829
832
837
838
839
840
841
842
870
875
847
849
851
852
853
854
855
856
874
878
881
882
890
892
883
886
888
857
862
858
865
866
867
868
972
985
987
989
990
980
863
864
919
934
647
649
650
651
652
655
662
664
666
673
674
676
678
679
680
681
682
917
684
686
687
688
692
695
696
698
709
712
713
769
714
721
775
722
727
728
729
730
731
732
733
734
740
741
742
754
756
761
765
767
764
738
739
702
708
694
705
706
670
620
622
631
634
635
636
639
640
641
643
599
601
604
606
607
608
609
610
611
613
569
571
573
574
575
576
577
624
555
547
617
905
941
936
560
2
3
4
6
7
9
10
11
13
16
19
22
23
27
28
32
33
39
40
41
42
47
48
49
52
53
54
55
60
61
62
64
66
72
73
75
82
83
84
86
87
93
94
97
98
104
105
106
112
115
118
119
120
123
126
127
129
130
135
136
137
138
139
140
142
143
145
153
154
155
156
157
158
159
163
166
170
171
174
176
177
178
186
187
188
189
190
191
195
196
198
199
204
205
206
208
210
211
212
213
214
215
217
218
219
226
227
228
229
230
231
232
235
240
241
242
243
248
249
250
256
257
259
260
263
265
267
268
272
275
276
278
287
288
289
290
291
300
301
516
520
524
525
526
534
535
536
308
310
311
312
313
314
320
322
323
324
325
329
336
337
338
342
343
346
347
348
349
350
352
355
356
357
360
364
366
368
369
370
373
374
375
376
383
384
386
387
388
389
390
391
393
394
395
396
398
400
401
403
404
405
406
408
410
411
415
416
417
418
419
420
421
424
425
428
429
430
433
434
435
436
438
441
442
447
453
454
456
460
461
465
466
467
471
472
473
476
477
483
484
485
486
487
488
490
493
498
502
503
507
512
5
8
12
521
522
14
15
527
528
614
859
531
17
18
20
21
24
25
26
29
30
31
34
35
36
37
38
43
44
45
46
50
51
56
57
58
59
63
65
67
68
69
70
71
74
76
77
78
79
80
81
85
88
89
90
91
92
95
96
99
100
101
102
103
107
108
109
110
111
113
114
116
117
121
122
124
125
128
131
132
133
134
141
144
146
147
148
149
150
151
152
160
161
162
164
165
167
168
514
515
518
519
529
530
533
169
172
173
175
179
180
181
182
183
184
185
192
193
194
197
200
201
202
203
207
209
216
220
221
222
223
224
225
233
236
237
238
239
244
245
246
247
251
252
253
254
255
258
261
262
264
266
269
270
271
273
550
274
277
279
280
281
282
283
284
285
286
292
293
294
295
296
297
298
299
302
303
304
305
306
307
309
315
316
317
318
319
321
326
327
328
330
331
332
333
334
335
339
340
341
344
345
351
353
354
359
361
362
363
365
371
372
377
378
379
380
381
382
385
392
397
399
402
407
409
412
413
414
422
423
426
427
431
432
437
439
440
443
444
445
446
458
459
462
463
470
474
475
478
479
480
481
482
489
491
500
501
504
505
492
494
495
496
918
497
506
508
509
510
511
464
468
469
449
907
450
455
448
452
367
358
234
548
