4
5
6
7
8
9
10
11
12
13
199
200
201
202
203
204
205
206
207
208
209
210
211
212
213
214
215
216
217
218
219
220
221
287
288
289
290
291
292
293
294
295
383
384
385
386
387
393
394
395
396
397
398
399
400
401
402
403
404
405
406
407
408
409
410
411
450
451
452
453
454
455
456
457
458
459
483
484
485
486
487
488
489
490
491
492
493
494
495
524
525
526
527
528
529
530
531
532
533
534
535
536
537
538
605
606
607
608
609
610
611
612
613
614
659
660
661
662
663
664
665
666
667
668
769
770
771
795
796
797
798
799
800
801
802
803
804
805
806
807
846
847
848
849
850
