16
18
21
24
30
44
46
47
52
53
55
60
61
67
70
72
75
80
88
89
91
104
107
109
110
112
113
117
121
127
129
133
137
141
145
149
157
167
169
173
181
183
189
193
205
206
208
211
220
231
234
236
240
242
245
255
256
273
275
276
278
282
288
291
296
297
311
318
319
333
340
341
356
369
373
376
380
381
382
388
389
393
395
396
407
418
421
422
428
440
449
454
455
463
464
492
493
570
785
789
793
794
799
804
806
814
816
820
832
836
839
844
847
848
853
858
868
871
873
883
885
894
895
897
898
899
901
912
919
930
934
939
941
958
966
983
987
993
994
997
